title: Kinderopvang - Vacatures
thema: Welzijn en Gezin
Werk
pdf link: https://docs.vlaamsparlement.be/pfile?id=2065092
thema link: https://www.vlaamsparlement.be/parlementaire-documenten/schriftelijke-vragen/1818924
SCHRIFTELIJKE VRAAG
nr. 365
van ANN DE MARTELAER
datum: 15 april 2024
aan JO BROUNS
VLAAMS MINISTER VAN ECONOMIE, INNOVATIE, WERK, SOCIALE ECONOMIE EN LANDBOUW
Kinderopvang  -  Vacatures
Graag ontvang ik de laatste cijfers van de ontvangen vacatures per beroepsgroep van 
“begeleider kinderopvang”, “verantwoordelijke kinderopvang” en “kinderverzorger”, en dit 
per provincie en per kwartaal vanaf januari 2015 tot nu. 
JO BROUNS
VLAAMS MINISTER VAN ECONOMIE, INNOVATIE, WERK, SOCIALE ECONOMIE EN LANDBOUW
ANTWOORD 
op vraag nr. 365 van 15 april 2024
van ANN DE MARTELAER
In onderstaande tabel vindt u een overzicht van het aantal vacatures dat sinds 2015 per 
kwartaal rechtstreeks aan VDAB werd gemeld in het Normaal Economisch Circuit zonder 
Uitzendopdrachten voor de beroepen ‘Begeleider kinderopvang’, ‘Kinderverzorger’ en 
‘Verantwoordelijke kinderopvang’, opgedeeld naar de verschillende provincies volgens de 
vestiging van het bedrijf.
Antwerp
enLimbur
gOost-
VlaanderenVlaams-
BrabantWest-
VlaanderenBrussels 
HGBuiten Vlaanderen en 
Brussels HG
Begeleider kinderopvang
2015 299 107 158 410 197 117
Q1 80 21 37 83 46 21
Q2 58 30 37 110 49 33
Q3 90 32 48 121 44 30
Q4 71 24 36 96 58 33
2016 349 78 263 452 243 140
Q1 87 21 53 90 56 31
Q2 91 18 66 145 70 28
Q3 101 23 66 119 58 38
Q4 70 16 78 98 59 43
2017 410 173 339 444 324 205 1
Q1 94 21 76 100 70 58 1
Q2 122 34 81 101 80 52
Q3 94 45 73 113 86 56
Q4 100 73 109 130 88 39
2018 678 135 427 532 356 229 2
Q1 142 30 111 128 65 66
Q2 149 29 78 123 89 48
Q3 182 55 115 137 105 66
Q4 205 21 123 144 97 49 2
2019 767 202 547 944 435 254 10
Q1 182 36 149 239 107 60
Q2 199 47 130 207 118 72 10
Q3 188 62 144 273 117 72
Q4 198 57 124 225 93 50
2020 840 163 668 776 374 171
Q1 202 54 135 239 106 54
Q2 97 32 230 149 65 32
Q3 247 45 165 201 112 42
Q4 294 32 138 187 91 43
2021 1264 260 966 1060 586 313 6
Q1 236 40 229 218 123 70
Q2 288 65 220 261 143 60
Q3 379 88 319 264 182 103 5
Q4 361 67 198 317 138 80 1
2022 1780 333 753 1107 658 268 2
Q1 442 119 166 294 232 65 1
Q2 480 79 267 302 160 77
Q3 480 67 181 288 135 83 1
Q4 378 68 139 223 131 43
2023 1128 298 807 1238 647 233 2
Q1 290 66 211 343 157 63
Q2 286 80 174 301 139 48 1
Q3 304 92 201 308 195 54
Q4 248 60 221 286 156 68 1
2024 322 78 366 327 188 89 3
Q1 322 78 366 327 188 89 3
Kinderverzorger
2015 128 32 97 209 75 73 47
Q1 33 9 23 60 16 23 30
Q2 32 1 25 32 16 21 12
Q3 30 11 24 70 23 16 5
Q4 33 11 25 47 20 13
2016 191 34 90 234 78 75 23
Q1 49 11 24 64 10 14 12
Q2 51 13 22 52 35 23
Q3 44 8 28 58 16 12 11
Q4 47 2 16 60 17 26
2017 184 40 128 267 79 102 1
Q1 38 6 37 82 16 30
Q2 54 9 28 78 19 24
Q3 46 13 32 38 26 26 1
Q4 46 12 31 69 18 22
2018 165 50 173 243 115 112
Q1 60 6 43 69 26 40
Q2 57 17 53 79 24 22
Q3 19 20 35 44 36 24
Q4 29 7 42 51 29 26
2019 236 54 194 287 125 100 2
Q1 51 19 72 69 31 26
Q2 58 16 68 70 37 28
Q3 69 10 27 75 34 25 2
Q4 58 9 27 73 23 21
2020 199 36 143 228 87 71
Q1 54 12 38 94 32 27
Q2 24 4 34 29 7 9
Q3 55 9 36 45 26 20
Q4 66 11 35 60 22 15
2021 419 61 216 280 149 130 2
Q1 87 9 55 72 55 38
Q2 93 13 48 48 32 27
Q3 132 26 63 92 26 29 1
Q4 107 13 50 68 36 36 1
2022 398 93 191 328 179 111 1
Q1 148 15 73 106 65 43
Q2 79 34 43 83 45 25
Q3 75 21 41 61 31 22
Q4 96 23 34 78 38 21 1
2023 345 57 189 267 126 107
Q1 94 15 60 100 48 31
Q2 71 8 36 51 37 23
Q3 69 12 52 57 20 15
Q4 111 22 41 59 21 38
2024 78 28 72 52 48 51 1
Q1 78 28 72 52 48 51 1
Verantwoordelijke 
kinderopvang
2015 46 6 9 37 17 18
Q1 4 2 1 11 4 3
Q2 17 1 2 7 4 5
Q3 18 2 3 5 3 3
Q4 7 1 3 14 6 7
2016 57 16 20 72 25 39 1
Q1 19 5 5 24 5 8
Q2 14 4 4 18 6 5
Q3 13 7 18 12 15
Q4 11 7 4 12 2 11 1
2017 64 9 31 98 34 44
Q1 17 1 9 18 13 9
Q2 13 5 6 25 6 13
Q3 14 1 8 27 10 9
Q4 20 2 8 28 5 13
2018 77 16 26 121 26 62 1
Q1 16 10 8 38 5 19
Q2 14 8 31 10 18 1
Q3 16 2 7 27 5 14
Q4 31 4 3 25 6 11
2019 80 22 38 140 33 45
Q1 24 5 2 52 7 4
Q2 15 6 12 30 8 12
Q3 18 6 12 23 6 11
Q4 23 5 12 35 12 18
2020 67 17 48 112 23 45
Q1 17 8 9 45 11 12
Q2 18 5 11 18 2 11
Q3 20 3 16 26 4 11
Q4 12 1 12 23 6 11
2021 120 30 60 216 51 78
Q1 19 2 20 46 6 11
Q2 35 9 14 41 10 17
Q3 25 10 17 76 19 23
Q4 41 9 9 53 16 27
2022 169 44 128 227 60 79 3
Q1 64 13 39 57 15 19 1
Q2 43 10 33 71 20 22 1
Q3 34 17 37 55 15 16 1
Q4 28 4 19 44 10 22
2023 150 27 86 223 49 90
Q1 40 7 16 91 19 28
Q2 45 8 22 43 7 20
Q3 35 6 26 44 11 16
Q4 30 6 22 45 12 26
2024 42 13 25 68 20 42
Q1 42 13 25 68 20 42
